Number of Iterations: 1448 

Final Cost: 0.00213457612324 

Termination Status: 0 

Termination Description: Optimization terminated successfully. 

Success: True 

Jacobian at Final Point: [ -4.21017144e-08   4.63918030e-08   1.81902866e-09   4.52973383e-10
  -3.46298264e-08  -1.28617168e-07   1.30841974e-07   1.32595041e-08
  -5.83597732e-09  -4.07902947e-09  -8.90286320e-08   8.58628842e-08
   6.66475290e-09  -2.57533477e-09  -3.05939437e-08   4.87855074e-07
  -5.02225253e-07   8.42629750e-09   1.96103911e-09   9.70656935e-08
  -5.29730738e-07   5.23310696e-07  -1.24690510e-08   5.52392104e-09
  -1.94177544e-07   2.47992343e-07  -2.50516981e-07   5.96632499e-09
  -1.26903823e-09   5.83411459e-08  -4.21234487e-07   4.25639663e-07
   3.64751614e-09   1.48353631e-09  -1.01925855e-07  -2.62965271e-07
   2.71054983e-07   2.29681069e-08   8.94330789e-09  -3.28205710e-08
  -3.44967371e-07  -3.46190012e-07   1.84374503e-07  -4.86076836e-08
  -3.57083029e-07  -2.80148874e-07   2.87268202e-07   1.64335522e-08
   9.69388894e-09  -1.22083714e-07  -9.03101781e-09] 

Norm of Jacobian: 1.53866178919e-06 

