Number of Iterations: 1111 

Final Cost: 0.00182719719848 

Termination Status: 0 

Termination Description: Optimization terminated successfully. 

Success: True 

Jacobian at Final Point: [  3.68308723e-10  -3.28361701e-07   1.87135951e-07  -3.23061546e-07
  -1.86392221e-07   5.48023925e-10   1.32453746e-07   1.24232011e-08
   1.25021103e-07  -6.22234404e-09   3.14327919e-09   2.46813355e-07
  -6.18845055e-07   2.53071784e-07   6.18302863e-07  -1.02722058e-09
  -8.12868095e-10   4.99094611e-07  -5.39410104e-09  -5.04698952e-07
  -2.36121410e-09   1.93407478e-07  -5.77095713e-07   1.95987360e-07
   5.80395577e-07   1.79974080e-09   2.28451923e-07  -7.62187758e-07
   2.35145407e-07   7.75910798e-07  -6.74004326e-10  -3.04180767e-07
   7.80509493e-08  -3.06992186e-07  -8.21014709e-08  -1.45019588e-09
   3.50717738e-07  -3.19477798e-07   3.56419986e-07   3.25813479e-07
  -2.78854384e-07   4.40843028e-10   5.30612199e-09   2.65617071e-08
   5.57617195e-09  -3.46805841e-09  -1.84340627e-07   2.91772843e-07
  -1.82357124e-07  -2.93473652e-07   7.71010525e-08] 

Norm of Jacobian: 2.17403358125e-06 

