Number of Iterations: 1849 

Final Cost: 0.00203397121667 

Termination Status: 0 

Termination Description: Optimization terminated successfully. 

Success: True 

Jacobian at Final Point: [ -7.61643119e-08   7.90920893e-09   3.23061765e-08   1.45306036e-07
   1.34225294e-08  -8.44504565e-09   8.05772465e-08   8.57004146e-09
  -8.35899945e-08   1.21598414e-07  -5.73772131e-07  -1.55268173e-08
   2.38700291e-07  -3.07317353e-08  -3.45310293e-07   2.14889236e-07
   2.03323687e-08  -1.17430005e-08   1.95256824e-07   1.31909034e-07
  -4.86808210e-07  -3.67253388e-07   1.24182845e-07  -1.64796463e-07
  -4.34920687e-07   1.30683379e-07   1.00665978e-08  -1.46410638e-07
   1.43538495e-07   1.17773654e-07  -3.10271637e-07  -1.62786129e-07
   1.21144923e-07  -6.06625362e-08  -2.76657235e-07   4.88951633e-07
  -4.85559125e-08  -7.94414779e-08  -1.57190041e-07   1.70542841e-07
   6.26740633e-09  -6.53518138e-07  -5.70217302e-07  -7.54695904e-07
  -1.33660615e-07  -7.11763308e-07  -1.28465716e-07   5.39279230e-07
  -2.78332426e-07  -6.65276342e-07  -3.61756892e-07] 

Norm of Jacobian: 2.16007645672e-06 

