Number of Iterations: 1104 

Final Cost: 0.00193401925177 

Termination Status: 0 

Termination Description: Optimization terminated successfully. 

Success: True 

Jacobian at Final Point: [  1.07935148e-08  -6.28255004e-08  -2.20959648e-07   2.53808534e-07
  -7.09513519e-08  -8.00414023e-08  -3.23119620e-08   1.16282673e-07
  -1.48004765e-07   6.47416785e-08  -2.46602862e-08   6.63093492e-09
  -1.64594483e-07   2.67486169e-07  -8.01365027e-08  -3.12768370e-08
   3.25335587e-09  -2.28009747e-07   2.84615709e-07  -1.39998545e-07
   2.01191802e-09  -2.32877912e-08   1.08125568e-07  -1.00379006e-07
  -1.66146837e-08   3.15272499e-08  -1.63394327e-09  -6.32371632e-07
   8.13946774e-07  -1.56773337e-07  -2.64101455e-08   2.34963540e-08
   1.32584247e-07  -1.66221316e-07   2.86921332e-08  -4.65858224e-08
  -8.12959744e-08  -1.61295908e-07   2.16029301e-07  -4.41596634e-08
   1.02495463e-07  -3.42617086e-07   1.68191740e-08  -2.08606361e-07
   9.33149056e-08  -5.36524077e-08   2.83691786e-09   5.12998417e-07
  -6.23590012e-07   1.44205374e-07  -7.58972111e-07] 

Norm of Jacobian: 1.76128356755e-06 

