Number of Iterations: 3399 

Final Cost: 0.0024784302830332438 

Termination Status: 2 

Termination Description: Desired error not necessarily achieved due to precision loss. 

Success: False 

Jacobian at Final Point: [ -1.09359766e-04   5.97264034e-07  -5.76311402e-07   1.07574598e-04
  -9.60163632e-08  -2.26800983e-08   8.57559535e-08   1.32518739e-03
   1.32412803e-03  -6.92769150e-07  -4.11355744e-05   9.12974180e-08
  -6.29527606e-07   4.09779380e-05  -5.51766589e-09  -1.64239850e-08
  -3.00915046e-08  -6.25924589e-04  -6.25763636e-04  -2.97462045e-07
   3.30036423e-05   5.59106578e-07   2.41857455e-07  -3.32137102e-05
   4.10905263e-09   2.52679786e-09   9.45847736e-08   3.52395664e-04
   3.51993421e-04   1.22149861e-07  -9.10577579e-06   1.39944560e-08
   1.13204237e-06   8.99508880e-06   2.89439316e-09  -1.06250207e-08
  -7.07661664e-08   7.29509276e-04   7.29059724e-04  -5.36677064e-07
   1.06827210e-04   2.75169763e-07  -1.83785394e-06  -1.05971720e-04
   5.64936963e-08   4.42941687e-08  -1.45387629e-07   1.57921621e-03
   1.57878822e-03   9.02689791e-07  -1.26575234e-04   7.21120573e-07
   1.79596887e-06   1.26676707e-04   2.15447466e-09   2.20964124e-08
   1.18788744e-07   6.94464225e-04   6.94164312e-04   1.24634829e-07
   9.34935435e-05  -8.38959705e-08  -2.40379528e-06  -9.37107988e-05
   1.49413682e-08  -8.06324141e-09   2.90639932e-08  -3.70001709e-04
  -3.69989140e-04   1.85813333e-07  -1.25967202e-04   3.15690591e-07
   1.40716092e-06   1.25282696e-04   2.54803398e-08   3.71363215e-10
   9.59905146e-08   9.96721111e-04   9.96129880e-04  -8.86354699e-07
   1.00660692e-05   7.53293344e-05  -9.96751778e-05   1.02651240e-05
   8.09572636e-06  -6.10006378e-05   2.34390788e-05  -7.87239013e-05
   7.87308207e-05  -3.30052872e-05  -4.19358668e-04   1.28665706e-06
   2.86727618e-06   4.17323364e-04  -3.77210880e-08   3.24472760e-08
   3.58629797e-07   3.31124086e-03   3.30921708e-03  -1.97368130e-06
  -5.80933076e-05] 

