Number of Iterations: 2093 

Final Cost: 0.00207092430913 

Termination Status: 0 

Termination Description: Optimization terminated successfully. 

Success: True 

Jacobian at Final Point: [ -7.99797500e-08  -6.84661559e-09  -2.63129570e-07  -8.47513310e-08
   2.53673526e-07  -2.46834952e-07   1.08922711e-09   1.78425605e-07
  -2.60687958e-07  -1.75592554e-07  -2.40372091e-08  -6.66441947e-09
  -3.97694090e-08  -2.33412000e-08   2.82064475e-08   9.53464554e-08
  -1.90377580e-10   1.59482153e-09   8.90970589e-08   1.59631492e-09
  -4.49164432e-08  -4.33059826e-09  -4.20334982e-07  -4.53583631e-08
   4.05935089e-07   1.28921633e-07   5.97602826e-09   5.86923977e-07
   1.42907865e-07  -5.83870570e-07  -8.52036691e-08  -1.34498840e-08
  -7.51465188e-07  -9.21122066e-08   7.32212096e-07  -1.66686528e-07
  -7.24322245e-09  -6.94274599e-07  -1.72260188e-07   6.82896319e-07
  -4.58352640e-07   2.65294587e-07   1.30049255e-07   4.57094261e-07
   1.37154834e-07  -4.54316444e-08  -1.62778191e-08  -9.27638697e-07
  -4.46982355e-08   9.01991790e-07  -2.73730603e-07] 

Norm of Jacobian: 2.41422670502e-06 

