Number of Iterations: 1105 

Final Cost: [ 0.00213102] 

Termination Status: 0 

Termination Description: CONVERGENCE: REL_REDUCTION_OF_F_<=_FACTR*EPSMCH 

Success: True 

Jacobian at Final Point: [  2.38278169e-08  -1.01369235e-06  -1.61442918e-06   1.12898316e-05
   4.22848773e-09  -1.22193935e-06   2.42273605e-06  -4.22659031e-06
   1.68197058e-05  -3.26787024e-06  -4.76203386e-07  -2.05644577e-06
  -4.34171267e-06   1.93566959e-05  -4.44437138e-06  -5.53362588e-06
  -4.06215480e-08  -2.52156966e-06  -1.57331020e-05   1.44240685e-06
   5.62857005e-06  -1.76892615e-06  -3.18838665e-06   2.41545278e-05
   2.42109589e-07   4.49737852e-06  -2.05385967e-06  -1.14827761e-06
   8.62426998e-06  -6.07269263e-07  -1.27811615e-06  -8.80791139e-07
  -8.13172352e-07   4.58314204e-06   2.18497573e-06  -1.55710035e-05
  -1.06748529e-06  -1.21970265e-06  -2.50236666e-05   1.25104862e-07
   2.24782751e-05   1.24882197e-04  -5.01300129e-05  -5.24280615e-05
  -3.70939501e-05  -4.83935924e-06   1.21985862e-06   2.60697353e-06
  -1.43222890e-05  -5.61676638e-08  -4.75636837e-05] 

