Number of Iterations: 1527 

Final Cost: 0.0027307365257116674 

Termination Status: 0 

Termination Description: Optimization terminated successfully. 

Success: True 

Jacobian at Final Point: [  1.04819770e-08   6.17522185e-09  -2.08045662e-08   3.73008301e-09
  -7.75862180e-09   8.08241210e-09  -8.81763319e-09  -4.49536823e-09
   6.69211020e-09  -4.56430019e-09  -1.58085170e-08  -1.55537169e-08
  -1.76720094e-08   5.67580042e-09  -2.72939540e-09   4.16576626e-09
  -2.87559671e-08   2.10636136e-08   1.00083474e-08  -2.22920916e-09
   1.16829731e-08   2.96221559e-09   2.04086837e-08   4.84434087e-09
   1.42650481e-08  -5.79204972e-09  -1.60559467e-08   1.77860960e-08
   5.26291937e-09   2.04638786e-09  -2.97762263e-09   3.74452785e-09
  -1.10038588e-08  -3.02168568e-09  -1.35317567e-08   1.42271828e-08
  -2.14688181e-08   2.47149032e-08  -1.63005382e-08  -4.47026570e-09
   1.76623084e-08   5.93219375e-08  -4.97104976e-09   1.89129504e-08
   1.28592269e-08  -7.83175495e-10   2.45146541e-08  -9.33580028e-09
   1.88384453e-08  -4.65811131e-09  -5.99322877e-09   7.21483029e-09
   2.74381475e-09  -1.04005476e-08  -1.99222976e-09  -4.78500166e-09
  -9.70068896e-09   4.24092554e-08  -4.08904934e-09  -2.21570156e-08
  -1.25503350e-09   8.96648694e-09   1.34380832e-09   8.42609416e-10
   1.96966928e-08  -2.64323355e-08   3.88497875e-09   1.24803407e-08
  -4.64722577e-09   8.06402237e-09  -1.29549846e-08   6.18652561e-09
   2.83401070e-08  -4.60557080e-08   2.66974072e-08  -4.41911734e-08
  -2.29227604e-09   7.89187665e-08  -9.64411107e-09   8.50516648e-09
   8.58803466e-08   6.72779692e-08   5.97925877e-08  -2.52862236e-08
   8.98360265e-08   1.82148338e-09   2.27598018e-08   7.18493741e-08
  -1.87241128e-08   9.37367798e-08   1.72666161e-08   9.99017223e-10
  -1.63818527e-08  -3.77891198e-08  -9.35050923e-09  -4.69500815e-10
  -1.95899303e-08  -4.95187684e-08  -1.18515107e-09   7.37645692e-09
  -3.61668184e-08] 

