Number of Iterations: 3163 

Final Cost: 0.00305071386348 

Termination Status: 0 

Termination Description: Optimization terminated successfully. 

Success: True 

Jacobian at Final Point: [  1.41362965e-08  -1.40222948e-08  -1.03332656e-11   4.77371362e-12
   9.57221347e-11   1.17219560e-08  -1.17138109e-08   8.21206582e-12
  -7.46554546e-11   7.27237876e-11   2.57899924e-08  -2.57094016e-08
  -1.31655983e-11   1.18361847e-11   7.43604093e-11   9.61688333e-09
  -9.58418018e-09   2.40657204e-11  -7.89201470e-11   7.91308793e-11
  -5.41059737e-09   5.35312706e-09  -1.63160212e-11   1.05694575e-11
  -5.15038462e-11  -8.65845557e-09   8.68176696e-09  -3.49154896e-13
  -1.45295244e-11  -4.45362143e-12   1.49434234e-10  -1.05481226e-10
  -1.82740884e-12   2.26665116e-12   2.20073572e-11   6.81356433e-09
  -6.81077769e-09  -6.12180728e-12  -6.36674647e-11   7.47099723e-11
  -1.91762864e-08   1.91837933e-08  -8.00399227e-12  -1.27581453e-11
  -1.20793356e-10  -2.20731595e-08   2.20201534e-08  -1.63088000e-11
   6.89434351e-11  -7.96776666e-11  -1.31173302e-08   1.30272554e-08
   3.08373298e-11  -2.61375744e-12  -9.07821541e-11  -8.02083265e-09
   7.99853589e-09   1.96634213e-13   1.33721092e-10  -1.50456899e-10
   9.16921514e-09  -9.02360196e-09  -4.17598446e-11   7.35766175e-12
   1.38626268e-10   1.71417421e-08  -1.71469920e-08  -2.96686341e-12
  -1.20992184e-10   1.13082271e-10  -1.64874419e-08   1.65083856e-08
  -2.27623440e-11   1.00693931e-12   2.71950863e-11  -1.72011761e-08
   1.71744428e-08  -1.39948928e-11  -1.15020512e-10   1.52455250e-10
  -9.61114035e-10  -9.49003666e-10  -3.85989899e-09  -4.03005136e-09
  -9.49709310e-10   1.87871731e-09   1.89721812e-09  -2.12037572e-09
   5.10024267e-09   3.98717301e-09  -3.45377177e-08   3.44422449e-08
   7.77726409e-11   5.63294029e-12  -2.26108812e-10  -5.05543275e-08
   5.05216838e-08  -1.92314686e-11   8.74607114e-11  -7.09636683e-11
  -3.46196041e-09] 

