Number of Iterations: 788 

Final Cost: 0.00213144298038 

Termination Status: 0 

Termination Description: Optimization terminated successfully. 

Success: True 

Jacobian at Final Point: [ -4.73183167e-10  -4.73989831e-07  -2.36570242e-07  -2.15111751e-07
   1.70298811e-07  -1.20654770e-08   4.29861374e-07  -2.89038164e-08
  -5.52672032e-08  -6.74696447e-08   2.02971322e-08  -1.39778117e-07
  -1.64536996e-10   4.68294989e-08  -3.26293243e-07  -1.24927803e-07
   2.97077915e-08  -3.59025435e-07   2.97370274e-07  -2.21949828e-07
   5.51199509e-08  -4.18528534e-07   2.80997534e-07   2.62034579e-07
  -2.35730537e-07  -7.34501640e-08   6.67828818e-07  -2.55165597e-07
  -7.44669786e-08   2.32541718e-07   1.52584365e-07   4.27658255e-07
  -2.98567234e-09  -2.39650639e-07  -2.17634389e-07   3.10942601e-07
  -1.42113089e-08   1.37737319e-08  -1.93918342e-07   1.40432622e-07
   6.43197843e-07  -7.80168420e-07  -2.01934685e-07  -3.37342140e-07
  -1.89678173e-07  -9.29230338e-08  -5.44697003e-08   3.93610644e-07
   1.08543606e-07  -5.98977920e-07   3.21878054e-07] 

Norm of Jacobian: 2.05851331429e-06 

