Number of Iterations: 767 

Final Cost: 0.0019767428301 

Termination Status: 0 

Termination Description: Optimization terminated successfully. 

Success: True 

Jacobian at Final Point: [  3.81567992e-07   4.00499154e-08  -5.04441486e-07   3.88298603e-07
  -3.27641769e-07   2.11104396e-08   5.25282932e-07  -2.83333546e-07
  -6.55500835e-08  -4.89839107e-08  -2.26173024e-07  -5.81936329e-07
   3.64373786e-08  -1.12991187e-07  -5.04563003e-08   4.00152875e-07
   2.42540298e-08  -2.77764165e-07  -4.88891183e-07  -3.14451734e-07
  -1.12144629e-07  -2.20551870e-07  -1.50437013e-07   1.43756847e-07
   6.94416107e-08   1.47404444e-07  -2.95940640e-07  -3.00997937e-07
   4.01775327e-07  -3.18939821e-07  -3.40595370e-07   1.35090582e-07
   1.99165043e-07  -1.90939881e-07   4.33470432e-07   8.72435463e-08
   6.52216916e-08   1.96485720e-07   1.46788308e-07  -5.08449321e-09
   6.28350348e-07   1.37214496e-07  -5.14522043e-07   8.87866478e-07
  -5.40915677e-07  -1.57469685e-07   4.36569345e-08  -3.89318535e-07
   6.03707667e-07   2.86971488e-07  -5.23057890e-07] 

Norm of Jacobian: 2.38872382008e-06 

