Number of Iterations: 1020 

Final Cost: 0.00206765631122 

Termination Status: 0 

Termination Description: Optimization terminated successfully. 

Success: True 

Jacobian at Final Point: [ -1.81698549e-07  -1.29549779e-07   4.98088519e-07   9.50083184e-08
   1.33611505e-07  -6.54387022e-07  -1.00131538e-08   2.27487732e-07
  -2.92063469e-08   1.54076253e-07   2.95173886e-08   2.00973190e-08
   2.67518568e-07   6.25153266e-08   2.98513165e-07  -9.21655224e-07
   1.40584869e-07  -6.06457647e-08  -1.31958497e-07  -1.12668149e-07
   7.28862516e-08   1.13457333e-07  -1.40919011e-07  -4.67833922e-08
   2.90289194e-07  -4.13078471e-07   1.49227042e-07   1.50433161e-07
  -2.42079905e-07   1.22968916e-08   3.93094159e-07   8.86981724e-08
  -4.14622355e-07   7.55971083e-09  -1.16391102e-07  -5.65559640e-07
   1.39762672e-07   8.73337762e-09   1.16208043e-07  -3.33799523e-07
  -5.74468475e-07   1.48914150e-07  -4.62525863e-07   1.88287522e-07
   3.01321128e-07  -1.50755916e-07  -1.46576357e-07   3.03301490e-07
   2.94210658e-07  -6.03898821e-07   3.41649327e-07] 

Norm of Jacobian: 2.12271655454e-06 

