Number of Iterations: 814 

Final Cost: 0.00159373879584 

Termination Status: 0 

Termination Description: Optimization terminated successfully. 

Success: True 

Jacobian at Final Point: [  4.23510347e-08  -3.29804973e-07  -1.79856731e-07  -6.03430698e-08
   2.84418818e-07  -1.75516923e-07   8.22998677e-08   3.86669028e-07
   1.43083253e-07  -2.76928741e-07  -5.74359069e-08  -7.26572802e-07
   1.72066252e-07  -5.98165773e-07  -6.20752522e-08   3.22213210e-07
  -5.57090259e-07  -3.37858160e-07   3.09621961e-07   2.52975723e-07
  -5.02769513e-08  -2.52664884e-08  -5.28358135e-07   6.13776436e-07
   6.27137241e-07   2.26627245e-07  -9.26590906e-08  -1.20633400e-07
  -3.88231634e-07  -2.59302795e-08   1.18792402e-07  -3.24190583e-07
   1.60344462e-07   2.64724833e-07  -2.97203781e-07  -2.79421505e-07
  -4.09615803e-07  -6.13888610e-07  -5.69497120e-07   5.36605389e-08
   4.34717931e-07   1.66233804e-07  -5.13777204e-07  -5.74152934e-07
   1.94392200e-07   2.95163677e-08  -5.27396065e-08   4.68857602e-07
   6.62669689e-07   4.53818085e-07   3.75319722e-07] 

Norm of Jacobian: 2.55172587107e-06 

