Number of Iterations: 961 

Final Cost: 0.00210190151682 

Termination Status: 0 

Termination Description: Optimization terminated successfully. 

Success: True 

Jacobian at Final Point: [ -2.25968388e-08   2.36146278e-07   3.51993403e-07  -2.49667647e-09
  -2.44873895e-07  -2.89783444e-07  -1.37921753e-07  -8.19124351e-07
  -1.91933433e-07   2.42565634e-07  -5.06247875e-07   2.11061496e-08
  -1.34938738e-07   2.22524640e-08  -7.25325345e-08   2.85297489e-07
  -9.48907403e-08   4.93823700e-08  -7.99840951e-09   1.38427275e-07
  -7.77929606e-08  -6.05861557e-09   4.19461403e-07   2.53847960e-08
  -4.40051232e-08  -1.63784631e-07  -1.04006868e-07   2.02615628e-09
   2.18458883e-09   2.36212314e-08   5.16618012e-07  -1.46627172e-07
   4.86921946e-07  -1.24353625e-07   1.97979554e-07   1.69937590e-07
   1.68968048e-08   1.12969902e-07   1.17635246e-07  -2.71449825e-07
  -1.65525717e-07  -5.40928926e-08   5.63412788e-07  -3.80988287e-07
   6.17222073e-07   3.76874187e-08  -1.95707310e-07  -6.32949263e-07
  -1.47066287e-07  -4.24525137e-07   3.37915836e-07] 

Norm of Jacobian: 2.01623995623e-06 

