Number of Iterations: 767 

Final Cost: 0.00195837978036 

Termination Status: 0 

Termination Description: Optimization terminated successfully. 

Success: True 

Jacobian at Final Point: [  9.02183918e-08  -1.15406759e-07   2.65178182e-08   6.52996400e-08
  -2.49336109e-07  -1.27080163e-07   4.51991845e-08   7.85515079e-09
  -5.70702930e-08  -1.58363349e-07   1.43732704e-08   2.03584308e-08
   5.76393040e-08   3.53614073e-08  -8.13825056e-09  -1.70806170e-07
   1.55724151e-08   2.92965689e-09   1.27693528e-07  -3.45665832e-08
  -1.62367407e-07   2.87001184e-08  -1.65104990e-08  -8.65800729e-08
   8.37704469e-08  -1.58002615e-07   1.06890027e-07   1.13827569e-08
   1.06234231e-07  -4.07980010e-08   1.28384407e-07  -4.31607247e-08
   1.07706413e-08   2.26046855e-08   3.15230592e-08   8.66170062e-08
   4.43699326e-08  -2.63529725e-07  -1.01916310e-07  -3.96629138e-07
   4.60249937e-08   2.19372634e-07   2.58058924e-07   1.72992183e-07
  -1.93026210e-07  -2.95136086e-07  -6.27817261e-08  -7.63717737e-08
  -2.43581167e-07   1.24293761e-07  -2.79624436e-07] 

Norm of Jacobian: 9.89582030987e-07 

