Number of Iterations: 1088 

Final Cost: 0.00193516053147 

Termination Status: 0 

Termination Description: Optimization terminated successfully. 

Success: True 

Jacobian at Final Point: [  2.55077808e-08  -1.93096665e-08  -1.60614511e-08  -7.06644571e-08
  -8.97552968e-08   5.07950303e-08   6.09131667e-08   3.55590580e-07
  -7.79300120e-08  -1.36522208e-07   1.29975625e-07   3.65344762e-07
  -1.51350671e-08  -3.17180604e-07   1.49441583e-07  -1.32441693e-07
  -1.49280219e-07  -1.69195930e-08  -3.27307379e-07   3.72686417e-08
  -3.44865448e-07  -4.49038917e-07  -7.09878344e-08  -1.10044241e-07
  -2.46909966e-07   1.60095212e-07   2.03803340e-07  -2.94997788e-07
  -1.70428217e-07  -3.75819661e-08  -2.03727307e-07  -1.86427756e-07
  -6.93506602e-08  -7.66052726e-08  -4.36488807e-07   5.56424569e-08
   7.98921498e-08  -6.29732293e-08   1.49008197e-07   2.77877179e-07
  -4.18291305e-07   7.95553792e-08   2.78774745e-07  -7.26391415e-08
  -2.74756856e-07  -3.36910005e-07  -2.68675823e-07  -3.29693267e-07
   3.04819045e-07  -5.50477629e-07  -2.57546960e-07] 

Norm of Jacobian: 1.63218911343e-06 

