Number of Iterations: 2131 

Final Cost: 0.00454616915376 

Termination Status: 0 

Termination Description: Optimization terminated successfully. 

Success: True 

Jacobian at Final Point: [  4.52404673e-09  -1.46402228e-08  -9.52407232e-10   4.07633143e-10
  -1.46912808e-10   1.82648139e-08   6.28636460e-09   1.04913670e-08
  -5.18775401e-09  -5.07778182e-10   3.63640209e-08  -2.87511419e-08
   5.79880761e-09   2.15762157e-09   5.43225892e-09   2.20695455e-08
   6.33270596e-09  -3.73894171e-09   3.00591507e-09  -3.08322981e-08
   1.85248981e-08   1.59350191e-08   2.23698978e-09  -1.38117460e-08
  -9.93211409e-09  -5.71553924e-10  -3.43110184e-08   9.46074971e-09
  -1.32494927e-08  -2.82756604e-08  -7.11320753e-09  -1.16727070e-09
  -2.42678029e-10  -8.64574475e-10   3.01373416e-08   4.60795524e-08
   6.90719643e-09   1.37241543e-08  -2.85646937e-08   2.36764692e-09
   1.35900116e-08   2.56981264e-08   4.76259296e-09  -3.02301081e-08
  -2.71429742e-08   2.50079686e-09   1.79580250e-08  -2.16693509e-08
  -3.99586948e-09   7.52476275e-09   1.37628117e-08   3.44179831e-08
   2.71552822e-09   1.71587935e-08   7.53385833e-09   3.76382295e-09
  -1.94574300e-08  -1.63981122e-08  -5.87620696e-09  -1.55124623e-08
  -3.73729926e-09   2.99680731e-09  -2.27788753e-09  -5.60101454e-09
  -2.76381746e-09  -2.32504634e-08   1.38257265e-09  -7.22517234e-09
  -1.27710605e-09   2.77163727e-09  -1.07714579e-08   2.05807230e-08
   1.96089690e-09  -1.27629788e-08  -6.45973157e-08   2.10043377e-08
   1.22950986e-08   1.34636956e-08  -4.38215632e-09  -2.06911986e-08
  -9.34464600e-09   2.82082432e-08  -9.17431168e-09  -5.74839479e-09
   1.26984161e-08   3.59227338e-09  -2.91849145e-08   7.54047447e-09
  -2.26820507e-08   5.46368577e-09   3.57551759e-08  -2.16285342e-08
   1.74183357e-08  -3.21183821e-09   3.25481591e-08   4.66502926e-09
   4.93205202e-09   1.54835855e-08   1.14013014e-08   3.08838552e-08
   3.36223454e-08] 

