Number of Iterations: 3288 

Final Cost: 0.0030696080058707775 

Termination Status: 2 

Termination Description: Desired error not necessarily achieved due to precision loss. 

Success: False 

Jacobian at Final Point: [  1.82384558e-07   2.48912062e-08  -5.05221357e-04   5.63876274e-03
  -5.06015598e-04   5.63838299e-03   1.61415491e-07  -3.68683440e-09
  -7.09305515e-07   8.20808239e-09  -1.30857023e-06   9.65088454e-09
   1.75924474e-02  -6.80404921e-03   1.75986398e-02  -6.80347762e-03
   5.22214773e-07  -2.21301479e-08   6.68621826e-06  -1.09401578e-07
  -8.25218751e-07  -1.50845733e-08   1.23683921e-02  -5.44855614e-03
   1.23712869e-02  -5.44777637e-03   1.15690473e-07  -1.08230635e-07
   4.58271968e-06  -2.00714127e-08  -3.28250944e-08  -3.79867641e-08
  -1.98227917e-03  -8.87427500e-03  -1.98240470e-03  -8.87454032e-03
  -6.54536521e-09  -8.15727368e-08  -3.33525326e-08   9.42161326e-09
  -2.67903801e-07   5.39732966e-08   6.79156332e-03  -6.40724510e-03
   6.79119770e-03  -6.40537572e-03   1.67532685e-07   5.53093923e-08
   7.93344374e-07  -5.86759637e-08  -1.48089167e-07  -1.12134624e-08
   7.36608904e-03   9.92824533e-03   7.36725400e-03   9.92825320e-03
  -2.27538624e-07  -1.37902402e-07   3.16092608e-07  -3.29945091e-08
   4.44857411e-07   2.63612957e-08  -2.74119672e-03   4.78501117e-03
  -2.74381561e-03   4.78472690e-03  -2.25685895e-07   6.53133804e-09
  -2.93678724e-06   1.95999495e-07  -6.31350067e-07   1.02900094e-07
  -1.45755828e-02   2.89008294e-03  -1.45763360e-02   2.89004671e-03
  -3.84731613e-07   7.89911915e-09   1.22182371e-08   6.99501721e-09
   1.01308320e-04  -1.53811911e-04   8.89929109e-05   1.21683509e-04
  -8.89895551e-05  -1.21685160e-04   9.64351839e-05   8.04948239e-05
   6.60955171e-05   7.77887851e-05  -1.57852357e-06   4.14477749e-08
   4.61018207e-02  -1.75769220e-02   4.61119505e-02  -1.75748245e-02
   3.08109843e-07  -3.61080779e-08   9.65134279e-06  -1.27514535e-07
  -8.40604977e-05] 

